Gene	logFC	logCPM	F	PValue	FDR
PGAM2	-5.8231085991602	5.60228274267477	114.575956059427	3.18456304769428e-06	0.00127688237464461
KCNIP2	-5.71956343553176	4.08674288944296	160.765522620479	7.38216698203381e-07	0.000726839539725182
MYL2	-5.49968355108531	10.7233735552934	108.190495966425	4.00048570474344e-06	0.00128691034400296
FBXL22	-5.28977942802282	3.67832987757515	113.606613495592	3.29419987164019e-06	0.00128691034400296
ALAS2	-5.04421908726239	5.31681343398093	210.75459976387	2.16717875409748e-07	0.000699967350213733
METTL7B	-4.98491060010159	3.73493822215977	68.292465714898	2.40872198385243e-05	0.00243640987057403
HHATL	-4.72483900488622	4.22453078092251	108.703308239226	3.92606678947159e-06	0.00128691034400296
ACTA1	-4.54956913303674	7.04520640698394	63.0944350139357	3.25646403915236e-05	0.00276630276364878
FXYD1	-4.43005965355156	5.37632233222003	55.4674511160792	5.29038672671556e-05	0.00326749333422572
SPC25	-4.36632666377283	2.90287515528133	43.8637060789396	0.00012558365145391	0.00522103388237303
FAM111B	-4.33657129650736	2.87427656799348	102.565473161651	4.44127696730046e-06	0.00128826035805522
LINC02502	-4.29816222666409	2.40537159246768	24.3199961356421	0.000959743192283805	0.0161241786491311
TNNC1	-4.2853730583491	9.43690756186731	94.52401716902	6.82168397037919e-06	0.00148735449500834
IRX4-AS1	-4.28245512533199	2.13437701979915	20.0045389012321	0.00178435170163631	0.0229872437562975
COX6A2	-4.16830005856147	2.08686307698525	25.3894857420766	0.000833903347776935	0.0148625662065639
PBK	-4.11421287706847	3.71891517730286	170.565040552961	5.23717043673721e-07	0.000712671900596719
TCAP	-4.06743865072766	6.55262131719979	80.7673950323649	1.26156092863023e-05	0.00174335282412049
CENPM	-4.0647437870405	3.12627318284685	42.1230753424298	0.000145373793086507	0.00569962018483345
MSS51	-4.04934314290325	3.68321795367246	103.53421032842	4.73467103851847e-06	0.00129039513595622
TMSB15A	-4.0238366329146	3.74356074375624	37.0918400825516	0.000228863077027679	0.00749746270536586
TNMD	-4.0175885375313	5.30352073798946	89.9610985948923	8.28412687305608e-06	0.00151010682649468
MAOB	-4.0134830886354	2.44857724625491	65.213794957824	2.87225698382651e-05	0.00263490505328086
S100A8	-3.98769845902689	1.88321130408799	20.6199264113763	0.00162391388194104	0.0217399403735778
ADPRHL1	-3.9386318488708	5.30737751945865	158.94059568119	7.01754766715468e-07	0.000726839539725182
MYL7	-3.93538662031575	12.7101473779892	65.2062983328293	2.87351414871377e-05	0.00263490505328086
ODAM	-3.87569487059663	1.76685889335286	30.7242975029371	0.00188660557879861	0.0238248846898868
CKMT2	-3.84301678157717	6.21490059480167	138.624541224418	1.32127691380085e-06	0.00089404885791428
CCDC34	-3.80797480008259	5.22324491437024	66.1130735160714	2.72625674764319e-05	0.00255696966038623
TROAP	-3.79580938155237	2.4437314500072	84.7839776154409	9.02958615964507e-06	0.00153774040042082
FGF12	-3.79524470201945	6.80503599206526	156.87407146702	7.40803689267881e-07	0.000726839539725182
ACE2	-3.79226115330794	3.55399420999523	22.730388982699	0.00119347092707515	0.0182252762661445
MYL4	-3.789321355664	10.1956319103683	76.7317152155996	1.53879087784275e-05	0.00194810925134892
NME5	-3.77292279624892	2.78383584580428	48.7746904600629	8.52345072462049e-05	0.00418600989866403
HSPB7	-3.77204926877898	10.0528154557712	166.345526578748	5.81091087476304e-07	0.000712671900596719
CPNE5	-3.69615064109847	5.99274028745611	171.996752064408	5.05848151738228e-07	0.000712671900596719
CORIN	-3.6951859360177	6.58981199230643	61.169646690123	3.66185121725798e-05	0.00287426025745013
RAD51AP1	-3.66863639926727	2.66169486599869	104.402859407234	3.91929984778765e-06	0.00128691034400296
SUSD2	-3.66453093750871	3.04758380754467	46.438300222059	0.000102041691459081	0.00462439748614675
NAV2-AS2	-3.65957044735809	5.52703857498115	60.3400205111334	3.85571600387304e-05	0.00290925453489117
TNNI1	-3.64959422232399	10.6871971992651	83.0464431580069	1.132176232953e-05	0.00162165651235305
GJD2	-3.64879724854351	2.00445570527776	64.3683764870082	0.000540589046335026	0.0116472413063146
LDB3	-3.63348927384942	7.99664570278747	144.527529129063	1.03913476213413e-06	0.000834815290889587
GINS2	-3.6326454304528	3.4270465769425	75.8102151160704	1.61234371076526e-05	0.00197743878977167
PCLAF	-3.61873067534765	3.51889070447899	31.5148799332694	0.000403610808028208	0.0100969150908614
MYLK-AS1	-3.61412649206682	3.63626938175454	25.1993830562759	0.000854708459726292	0.0150414513075437
ACTC1	-3.59977458068118	13.3732415498256	95.0868733548016	5.71049061326216e-06	0.00140519626195683
MIR133A1HG	-3.58646819687156	3.37668189330092	55.8141699225266	5.16851757665392e-05	0.00322999428046751
LINC01611	-3.58198369628292	2.19602469638195	20.8145610427645	0.00157692164921369	0.0214441673752739
LDHD	-3.57665538935486	2.72860239236964	102.458344485662	4.22841469657758e-06	0.00128826035805522
LINC01182	-3.56101348824554	2.10903422166771	21.6974038513325	0.00138374515234664	0.0199362930429501
SLC35D3	-3.55315957750329	1.84976654250767	65.264678151696	0.00191453175133661	0.0240363765556483
CD36	-3.54447122859589	5.42258584121255	121.374684680119	2.2445255995695e-06	0.00115906120632506
MB	-3.54287028358281	7.05578781035039	97.0471439522006	6.1496549938524e-06	0.00141970211699254
MARCHF11	-3.53097511023374	3.91289401215756	59.8361472669682	3.9796640040697e-05	0.00294690365101358
FABP3	-3.49214045828843	9.27892289201956	59.8610743752394	3.97341744602985e-05	0.00294690365101358
TNNI3	-3.47962221499039	9.57636856163008	58.9918756591047	4.19858584649107e-05	0.00301901140438794
C1QL1	-3.44576519627372	4.22898005243764	53.1560459017804	6.20041482369375e-05	0.00354725189753185
MYH7	-3.41590255766772	11.6534167961238	21.5439329676136	0.00141513019129849	0.0202251272715589
HSPB3	-3.40967766193219	6.94468163133413	64.2698885068469	3.0360399816647e-05	0.00269390554298659
LMOD2	-3.40371436524068	6.0899889536705	142.836604273771	1.0907424204913e-06	0.000834815290889587
SMPX	-3.39579944333365	7.96292970847002	59.9207524881022	3.95851167948524e-05	0.00294690365101358
GPD1	-3.37797588660472	2.08585984094394	75.0959352493935	0.00053038833982687	0.0115513988817122
DLGAP5	-3.37568192405546	3.87989083546862	72.9072905048779	1.87428349906248e-05	0.00217627604154456
ATP6V1G2	-3.35791745464314	2.81312027232752	35.1743313913386	0.000275816300470166	0.00831389134274359
AURKB	-3.35170833197054	3.01973624307738	51.4128177943847	7.01729900074387e-05	0.00377261529566019
CDKN3	-3.33442691852587	3.62932308682659	39.8237069295095	0.000177807615679675	0.00652171746258367
CENPU	-3.30380008383474	4.25879547768812	114.110115729995	2.73357140419779e-06	0.00127688237464461
TRIM54	-3.29886654420171	3.69784719355286	93.6525315328209	6.43606087854184e-06	0.00144236473812838
FITM1	-3.29114230882231	6.44523152371167	45.3872387431903	0.000110930664515973	0.00481764095491286
OIP5	-3.28261690251405	2.58721222437396	64.2648470864513	2.92044371794272e-05	0.0026380717379955
FSD2	-3.27460464930447	4.40385764599392	46.6906174304459	0.000100040313729069	0.00455473567588288
NDC80	-3.26949154029693	3.61712556033417	87.7553958603264	8.61387618614762e-06	0.00152648882297786
CHCHD10	-3.26191170424453	4.05132915123723	37.106212166841	0.000228550183266467	0.00749746270536586
FAM133A	-3.23709065941945	1.82897313119991	31.899898157108	0.00357059486671434	0.0351559373153715
DMAC1	-3.23425423310749	5.0587230147201	50.9833625382198	7.23861818829178e-05	0.00384941476175744
KLHDC9	-3.21890194787546	2.751978993017	39.925666716288	0.000176190559944805	0.00651390595730065
PPP1R1A	-3.17157213474854	5.11933623837947	66.1503409053294	2.72040656660051e-05	0.00255696966038623
LSMEM2	-3.16459488498363	4.36378562092225	59.0412154171995	4.18538876006662e-05	0.00301901140438794
SPSB4	-3.15567527000079	3.23393641207026	56.209853844884	5.03364616766495e-05	0.00317605269286461
NUF2	-3.1513555874716	2.99993915179511	89.3843279233991	7.31493260208795e-06	0.00151010682649468
TESC	-3.15008334366961	4.74932681488164	76.282216247478	1.57413938154549e-05	0.00196747369962211
CALN1	-3.14509562469981	4.32977808134948	45.0493240952785	0.000113990077953717	0.00491610395535338
PLCB2	-3.12992679206181	3.21989473151533	51.7412636539635	6.85365706765234e-05	0.00375573193794195
AIF1L	-3.10896174294643	6.16716912523761	83.385085244326	1.1143772628349e-05	0.00160965810473869
ITGB1BP2	-3.10375628467149	5.36897370040132	86.3658527689401	9.71718276046827e-06	0.00154490199561112
PPP1R1C	-3.10055314694701	3.39200655592176	44.2420873793541	0.000121731606426	0.00514814507089955
FGF13-AS1	-3.09726368329447	1.84985525691807	30.0309624237696	0.00407134078509145	0.0379895008206607
SLC5A12	-3.09624187591628	2.15534229685346	42.0537028917916	0.000651530182228067	0.0129465835056725
NPPA	-3.09170293966315	12.9055026746039	43.4403735180362	0.000130073534105759	0.00530984140871144
CDCA3	-3.08625894406031	3.71305659905396	43.9221649322865	0.000124978783761704	0.00520691862793187
GABRA4	-3.06842740488662	3.05507091669102	56.75776565942	4.8539880163495e-05	0.00314355798167743
CAV3	-3.06637932945988	3.13684166534564	54.1621269144858	5.78227710456935e-05	0.00341763926575194
KIF20A	-3.06623198780682	4.72428844356883	37.4246948298231	0.000221750254724331	0.0073503467034722
SELENOP	-3.06075779856329	6.16297695726579	101.982093766375	4.47694126768486e-06	0.00128826035805522
CRYM	-3.04827531418819	3.28535044469406	63.4390076287375	3.18985744436254e-05	0.00275046987381717
DHFR	-3.03513380952734	4.17137954600763	97.3263239925953	5.22936047501296e-06	0.00136820987468239
BBOX1-AS1	-3.03491613564476	1.824076866817	29.3829669118743	0.00529550674248106	0.0449764447906749
ZWINT	-3.03073077943337	4.48056258058569	108.41299905934	3.36499763375395e-06	0.00128691034400296
SPC24	-3.02516666656086	2.31190590906778	38.1675897549011	0.000220552437662695	0.00733542454958486
COL9A1	-3.0246577093871	2.75827446747842	46.9234807517412	9.82361200194549e-05	0.00454643250740982
PANCR	-3.01523971393213	1.81512038783146	14.936280248974	0.0055619857698504	0.0463645115905489
NUDT7	-3.01506048513449	3.35248341213086	53.0716463353278	6.23716531019264e-05	0.00355790392098576
C1orf105	-3.01377931137604	4.00949445796694	32.8128943028657	0.000351235940008625	0.00940286882781617
HOPX	-3.00960849650612	7.91185700212022	53.768099628794	5.94175803423982e-05	0.00345979578355751
TOP2A	-3.00456871816686	5.87901523968224	28.9688617054171	0.000537595532597884	0.0116181025728726
FRMD3	-2.99065295824887	5.73991148303405	93.1526353175999	6.68996699922386e-06	0.00147502497107606
G0S2	-2.97904980989651	7.26848023244876	56.3821343803492	4.97628362576561e-05	0.00317605269286461
LINC01405	-2.96987323784696	2.96159914388655	26.8740427657141	0.000691227143632038	0.0134324202942414
AQP10	-2.96710552216453	3.60851283007008	79.6757385219841	1.24116437758436e-05	0.00172733110505943
PTGES3L	-2.95357137977155	4.44532423263246	71.785284990758	1.98947520475259e-05	0.00224364781280805
SGO1	-2.95349181582253	2.30865427090131	44.2439444855992	0.000291678762706423	0.00858056092138904
NEIL3	-2.94827235078824	2.14289449642299	30.7592999226614	0.00099143700657341	0.0163900323336057
HRC	-2.94808032077665	5.05008026545436	67.4353965110995	2.52783978976185e-05	0.00251795940073588
UBE2T	-2.92202219475272	5.08944302107153	52.7071651489392	6.39899844218844e-05	0.00362597740054164
RXRG	-2.91330530323721	2.75765578788719	58.0266356095136	4.34795521952881e-05	0.0030255292649934
NREP	-2.91105797780868	9.79308877799468	100.850411412224	4.50694521137965e-06	0.00128826035805522
MCM5	-2.90850199397778	4.68340244067894	83.03824237579	1.08265505656783e-05	0.00160569606292318
C11orf52	-2.90468610729118	1.91711172653857	31.2235541891517	0.00404811390087498	0.037808728737206
CSRP3	-2.8827745724494	10.273352353813	52.5577987943511	6.46681530196681e-05	0.0036353418673503
LEFTY2	-2.88072708700152	6.33108150441346	85.0366086761249	9.83790715232254e-06	0.00154490199561112
LGALS3	-2.8717582030077	6.96493588213102	44.407175015155	0.000120096770568797	0.00511205841403797
VSTM2L	-2.86654302227757	4.18909017600574	83.291836868361	1.03430168178488e-05	0.00158563296106755
CRIP1	-2.8652839511408	2.78885525037216	15.7001807845184	0.00368685801378913	0.0358349192400418
KIF2C	-2.8604604461308	3.51132484764211	37.9965875358942	0.00021015591235355	0.00715777869575879
ENPP5	-2.8569678339706	2.96932470971164	62.3175375480163	3.31371791973256e-05	0.00279077625488893
NCAPH	-2.85456371399846	2.66937198555419	48.0944575295699	8.97494850593393e-05	0.00430600035530419
LINC01456	-2.83245858398832	2.1593699912347	22.9368404406689	0.00115941294477984	0.0178686622711189
FMC1	-2.83063255995385	3.93997392083229	14.2442402758097	0.00486366426936172	0.042539609150008
HMGB2	-2.83027859740799	6.35301162423557	70.4785821378425	2.1348709822624e-05	0.00230279360949102
IMMP1L	-2.82925413821067	3.75860390309865	27.2372130613145	0.000661034119316528	0.0130629129137444
EMC10	-2.82476677150143	7.21890794864917	53.9662985782071	5.86086769489294e-05	0.00344334750828994
RAB9B	-2.8237228233313	5.22538722368826	84.3359407460933	9.84273361455784e-06	0.00154490199561112
TNNT2	-2.82053231493787	11.6029132789818	85.7420663613674	8.63477854306387e-06	0.00152648882297786
ASF1B	-2.81770106113868	3.43954346570872	58.5907097554443	4.30781834188771e-05	0.00301901140438794
SLC38A3	-2.80675586377487	2.27388005114971	56.9135097423332	0.000608492353256407	0.0124300327850366
SLC15A2	-2.80469921359695	3.81794985468651	18.7536071151379	0.0021756775633996	0.0260483958673523
SRPK3	-2.80060848269366	2.51838147937567	55.3748306469463	9.97157456920258e-05	0.00455473567588288
SMIM1	-2.79601343336109	2.30800405080546	20.6435805058039	0.00161811121229866	0.0217183285355243
H4C3	-2.79452013528765	6.63022654113312	31.0764480479929	0.000423456037543573	0.0103480421229359
CSPG5	-2.78607571130136	3.52129992703559	34.5408759925219	0.000293898587563764	0.00862058592490843
MOG	-2.76607229249552	4.23660904826468	84.5888723897926	9.23457805181938e-06	0.00153774040042082
SH3BGR	-2.76468855807059	7.77803420260974	64.7912708841167	2.94418646802739e-05	0.0026380717379955
REC114	-2.76181074393717	1.90869757241525	38.333663423239	0.00577184031991015	0.0472623440994429
FPGT-TNNI3K	-2.75352599786747	4.4000540863096	45.8606462864613	0.000106813223119826	0.00474807816008495
EPN3	-2.74957099757938	2.72140545336021	37.5529204149072	0.000219083239161356	0.00731541884498075
PIMREG	-2.74934162235874	3.11131059000496	29.9399550799652	0.000480807658490151	0.0110608308119018
NMRK2	-2.74768121954643	3.53261512422973	34.1658841765174	0.000305295115600239	0.00878417309886141
TRDN	-2.73787770587381	7.39802093414605	49.9525631441431	7.80608393939524e-05	0.00397519291919562
POLE2	-2.73433529881972	2.29758664350446	44.1285597788079	0.000626255351927392	0.0126560337496099
CDC45	-2.72606641121758	2.70840300322376	75.8604690855978	2.94306559169551e-05	0.0026380717379955
DIRAS3	-2.72253443728687	5.24665016250197	76.6206197321695	1.47263935152086e-05	0.00193063561732391
AMT	-2.71961780603485	4.1287156212342	81.1961719595186	1.08830238173971e-05	0.00160569606292318
SPX	-2.70856878889399	3.36462596790561	45.7880238588089	0.000107432436583485	0.00474807816008495
CEP55	-2.7085496482854	3.25316043057253	49.0514644796486	8.34780109178604e-05	0.00411580152824416
CDCA8	-2.6983417057536	2.89186852269181	74.7470436242813	1.48624798635829e-05	0.00193063561732391
PEBP4	-2.69504286284761	2.15962236487571	27.5101531335887	0.0016200067418761	0.0217289079260661
HRH2	-2.69418416880554	4.68690361440134	80.5952959340788	1.15125215424946e-05	0.00162525331099547
LINC00881	-2.69280743518133	6.33677475391002	48.4394280998051	8.74237964368126e-05	0.0042358448332829
SORCS3	-2.68772068887515	2.20200802983324	16.3404412536483	0.00328228515434674	0.0334246145704994
SMYD1	-2.68740870889855	8.63480587540748	28.3664035452581	0.000577020706785184	0.012062061128126
GPR22	-2.68324988118189	5.04331280813874	53.2330957222867	6.16709803716879e-05	0.0035385077422036
SYNPO2L	-2.6727822721062	7.67945759845717	109.864188707895	3.18846437127789e-06	0.00127688237464461
IGSF5	-2.67241701318661	1.93864417061871	22.1205868612817	0.00588137679806276	0.0477493822541934
SPHKAP	-2.66839154426497	4.78534097751929	15.1420839637031	0.00409104204762251	0.0380827884727213
ANLN	-2.66258677140594	6.61882055383204	17.2217059646769	0.00281132820714077	0.0304451950379268
CAVIN3	-2.66182689751779	4.20526676660243	34.2869865603232	0.000301555855973043	0.00873939289175218
CASQ2	-2.66024066024976	7.98976617345321	60.4720450853705	3.82403098396861e-05	0.00290925453489117
PLAC1	-2.65836937881533	2.11665292677649	36.0235567645047	0.00231513673699515	0.0270255372933111
MYZAP	-2.65465368825662	7.1784722759913	60.0367532255431	3.92973539318869e-05	0.00294325181757792
GPX3	-2.65273836862293	7.09466723688935	68.8900194618906	2.31867803004681e-05	0.0023965352184341
SGCA	-2.64409816228708	4.75430331889578	41.1644140618	0.000157924059781221	0.00607636044134686
DTL	-2.64116746908891	3.5918690944076	30.2342169412298	0.000465081220468751	0.0109001605478123
SLC27A6	-2.64087932313522	6.57551373240875	54.2309878661251	5.75495135895204e-05	0.00341176466817873
PDE1A	-2.63632710057528	3.38526931464746	23.9614954848352	0.00100711607168289	0.0165225149595966
UBE2E1	-2.63330340401637	4.59449814412196	69.6877484315942	2.18153763595677e-05	0.00232979543842003
TYRP1	-2.63100782849411	2.46698558561589	40.7328196019268	0.000276553845298434	0.00832333758633614
MLIP	-2.62690900488033	7.34880598870479	84.303597350127	9.23589628352335e-06	0.00153774040042082
TMEM71	-2.62523193857469	4.41387203547974	97.8423947488979	5.09131222949999e-06	0.00135009216053349
C11orf71	-2.62207234877932	3.1664880748028	38.0270164492743	0.000209560259291852	0.00715777869575879
NDUFB1	-2.61704576925345	6.33749204796476	30.0403773721513	0.000475367849451555	0.0110001689973913
CASQ1	-2.61401860605637	4.99368782478004	68.9416978542676	2.26712053491587e-05	0.00237902172495477
BIRC5	-2.60342364861061	5.10440041266799	93.3828530975437	6.14001763688371e-06	0.00141970211699254
TMEM163	-2.59204100133139	3.42233502043556	50.4568011119503	7.52188186804871e-05	0.00392319477923124
BRINP2	-2.58769315895591	2.27211420575156	19.146537863063	0.00204223075349773	0.0249842232393305
RRM2	-2.58134027670918	4.72685103567734	85.001664907608	8.93796396269593e-06	0.00153774040042082
SFRP5	-2.58053802301632	6.38999944383713	94.1502753492266	5.94182465877356e-06	0.00141970211699254
GPR183	-2.58009991537946	3.92636012380055	50.0761499510931	7.73521660312816e-05	0.00397491146365992
PKMYT1	-2.5755177779741	2.46261342747926	23.3563230902932	0.00109383800896308	0.0173235171809177
ALDOC	-2.57385607597151	7.3919897700283	80.3836631482071	1.11559650534812e-05	0.00160965810473869
PKIA	-2.57042759325711	6.3401820250321	81.6044764828933	1.05093459849266e-05	0.00158672253331434
MIR1-1HG-AS1	-2.56784867904279	3.61668784595929	36.8147200072705	0.000235001093289988	0.00754734280463083
CRABP2	-2.56591343691	9.84116047717523	55.2715787962249	5.32738324859381e-05	0.00327709220962873
SLC26A9	-2.56535846471633	3.13769793291052	30.3854118516278	0.000457248181844687	0.0108233788568616
NEK2	-2.56108978373737	3.131410626198	65.3673869259007	2.54190796009518e-05	0.00251918484348221
TYMSOS	-2.55136113775425	2.21724289961032	17.4778812297158	0.00269039510956626	0.029709410936983
RMI2	-2.54233561908875	3.49417709504666	61.9302087060727	3.36336794234231e-05	0.00281189222085694
FERMT1	-2.54002915365954	3.76784661175593	40.693171232194	0.000164583729489139	0.00616340939649881
COX7C	-2.53874787078547	8.32121656790684	29.8635214522883	0.000484999674393999	0.0111181642647587
DEPDC1	-2.53844648216503	4.16380388512454	87.0059370506316	8.1459128842714e-06	0.00151010682649468
CKAP2L	-2.53351739717778	3.06374671208195	70.1248193246818	1.90889610832339e-05	0.00219054200781461
PNMT	-2.53290490969232	2.04465005097723	19.9143537421414	0.00464806938453287	0.0413084535927031
MINCR	-2.53194762718351	2.317574879848	14.9523262376616	0.00424086829092298	0.0388960294106878
CDK1	-2.52863409594248	4.7201551263417	87.351930942789	8.01806217817316e-06	0.00151010682649468
C11orf1	-2.52357053366594	3.69933107023587	26.4256907484031	0.000730892759143223	0.0138975858649878
UPK1B	-2.51869673498433	3.74033527466271	57.6521545260068	4.57741674724659e-05	0.00307611811065821
SMIM5	-2.50740337523661	2.35164138104207	28.8056666367487	0.000884576898188748	0.0153204346629813
GIHCG	-2.50260566486885	4.07094008282923	29.0619529141342	0.000531804443665424	0.0115693997761049
CCNB2	-2.50028177721422	3.95780280575221	72.9395391156225	1.64396268810616e-05	0.00197831487830265
APOBEC2	-2.49530730975856	6.76876589226954	62.3214067123701	3.41074998559571e-05	0.00281189222085694
ZNF793-AS1	-2.48275413504274	2.44128560436219	21.0952561428724	0.00151207628977991	0.0210435978967029
ADHFE1	-2.47055347161454	4.03904709926766	86.4222817804005	8.36731959595088e-06	0.00151010682649468
RPE65	-2.46731076067769	2.8221033028449	66.2173025773697	4.09423754751657e-05	0.00298666257973671
PHACTR3	-2.46654607129485	2.03941342846972	27.3521948467385	0.0057897931044866	0.0473387958705585
PRADC1	-2.46435551674971	5.44666204424794	35.5192850994466	0.000266547393497347	0.00818538263317439
ACOT2	-2.46398983819574	5.11429249266913	49.1225607089242	8.30340516260473e-05	0.00410976056671351
MTERF2	-2.45402369455837	5.09358571087488	67.0882736768261	2.4075387605634e-05	0.00243640987057403
HJURP	-2.45144966041734	3.22488945504994	26.3682705373979	0.00073617388544443	0.0139380980124542
TSTD1	-2.44393317670985	4.92183291150316	25.4740508935772	0.000824849901534399	0.0147548127783131
DUSP27	-2.44368028948217	6.22047455019062	13.4197721624369	0.00573871582709479	0.0471569600816922
CLYBL	-2.44325654719585	2.65852906932212	66.0532471438686	0.000157171399053373	0.00607120937721327
SFRP2	-2.43868002861874	3.03204784592598	47.7898435666389	9.18669653906634e-05	0.00435436101898789
LRRCC1	-2.43721411717009	2.81353507364991	51.6754205352794	6.4065868826871e-05	0.00362597740054164
IDNK	-2.43392585355763	2.56791605406378	29.8014149496487	0.00048843923787575	0.0111607488862252
LINC02384	-2.43327010138419	2.45313758843185	22.6235811671851	0.00121157672632471	0.0183853782145041
EXOC3-AS1	-2.43017654664656	2.9122712738321	24.6063790775818	0.000923867863835571	0.015785026462993
PHOSPHO2	-2.42778653304019	2.27098349094554	20.6185793760903	0.00182415301679294	0.0233346510094705
KCNS2	-2.42589644343153	2.61384844034846	14.6447649828634	0.00449844923453359	0.040307337593266
GSG1	-2.42447968157316	3.18867311031256	36.0289618599414	0.000253546086649299	0.00790016622792556
NUSAP1	-2.42394601351094	4.63930225897657	54.6311759060178	5.59926661381014e-05	0.00337640576797721
LRRC10	-2.41889906215365	6.7268328180554	76.6073994918504	1.34913457862643e-05	0.0018384769330824
TMEM141	-2.41755221244435	5.35373866811728	40.8787421801795	0.000161920549924979	0.0061220943182618
NEBL	-2.41364015627838	8.49639568288958	62.6512473680099	3.04768399604048e-05	0.00269390554298659
NES	-2.41212810624821	6.009236164929	83.6231917412054	9.53813599251466e-06	0.00154490199561112
TRAPPC6A	-2.40906283959382	4.16493940770893	26.6763946279411	0.000708376238179246	0.0136149247503946
SLC8A1	-2.40696772564488	7.23235431075513	21.6172654116291	0.0014000248941095	0.0200823746323909
CENPH	-2.39572541077488	3.28214176283035	26.9807559060317	0.000682181490803872	0.0132933936385744
PHYHD1	-2.39503568430517	3.49071118737589	22.2456949393609	0.00127842604292432	0.0189502570582479
SLC30A3	-2.39500754375423	3.50084640174622	73.3061567886414	1.60437514555677e-05	0.00197743878977167
C11orf74	-2.39051105332885	5.09725623444262	43.6293968890252	0.000128044637255058	0.00528972614074947
RCSD1	-2.38971917423238	5.72575463809595	40.1116533375028	0.000173287406293073	0.00645240754020679
C14orf180	-2.38662423607082	3.73162991530372	83.4460364032025	9.61881772339286e-06	0.00154490199561112
HSPB1	-2.38507226461138	9.80532304350914	28.4877958570978	0.000568796297656036	0.0119630115207978
EPHX2	-2.38428919677932	3.27771708164541	58.9312486223692	3.8372208623499e-05	0.00290925453489117
VIPR1	-2.38248325266056	2.89505576887747	26.3922759358357	0.000733960307709018	0.0139154619499266
NTF4	-2.37709787477797	2.41215036140867	39.5017621910877	0.00098821836443017	0.0163643957512348
RPA3	-2.36524589829094	4.81941609138769	23.4840939211863	0.00107478166386798	0.0171617197936942
FN3K	-2.36477852552339	2.90113920585368	31.402273155919	0.000408596106280401	0.0101673696527443
MRPS28	-2.35849771274672	4.86535555730586	35.9038739442851	0.000256662996842383	0.00798177177026637
ZSCAN16-AS1	-2.3562345470781	2.83013266043309	18.9372282021329	0.00211201343535648	0.025470142516182
TAGLN3	-2.35477664603698	2.2185343525716	23.6724863624532	0.00307850686489252	0.0321669543183098
UBE2C	-2.34933233620599	4.36717559147747	29.1354616514899	0.000527285983529791	0.0115221969429901
DNAAF3	-2.34817976376001	2.67682820195951	34.2413917455448	0.000302956998808465	0.00873939289175218
HSD17B8	-2.34563909217826	2.95944927268755	31.6668728041723	0.000397000484522183	0.0100520522681017
CRYAB	-2.34424314615386	8.98525077827819	28.1348696461392	0.000593119060213076	0.0122127757802321
TRDN-AS1	-2.34061657919787	4.53475205203493	58.2395964111634	4.30160637426838e-05	0.00301901140438794
FOXM1	-2.34032096343411	3.4519175911437	17.4586743579796	0.00269923583705423	0.0297234033841275
C17orf97	-2.3353260298714	2.57069307137817	50.2816045800422	0.000445880062649612	0.0106831556402605
PDE6B	-2.33319201646387	3.17440063584265	55.8700231607162	4.75806332217669e-05	0.00311224921903577
CLIC5	-2.33280027026609	6.04052768169754	28.3578780220619	0.00057760382575191	0.012062061128126
TMOD1	-2.3297432372483	7.11392609210368	72.7228034915563	1.6554702767396e-05	0.00197831487830265
FPGT	-2.3291085970186	2.49010772783374	40.1093277895648	0.000813531154123209	0.0146725787949621
LINC01778	-2.32760334514533	2.51202498215547	22.7113101317112	0.0011966804409265	0.0182600779877922
LRRC52-AS1	-2.32442169698578	3.64439048273353	28.8242643174225	0.000546746249589602	0.0116919688294683
CDCA5	-2.32246192828849	2.82812587961637	58.9571020819184	7.9085859974471e-05	0.00399974698525527
TK1	-2.32018749626986	4.7330062020774	44.8792894465443	0.00011556896624414	0.0049515498353903
MORN2	-2.31915136492787	4.20771427180321	23.491779767984	0.00107364850874697	0.0171617197936942
GP1BB	-2.31450928230818	2.952442591174	15.6339270871177	0.00373216736056932	0.0360060570877344
ATP5PF	-2.31221823207168	8.04004044329733	26.0676286423751	0.000764608457886279	0.0142108629262294
COL21A1	-2.30966356820404	4.73927833408588	60.8379264237252	3.52256932792818e-05	0.00281189222085694
DRD1	-2.30512997723156	2.54532901133271	14.6602553297019	0.00448501991792951	0.0402248554298586
ACSM5	-2.3030177983731	2.38538221177458	53.8820763664155	0.00157392027599288	0.0214354069457505
NDUFA3	-2.30215424548053	6.00411717200275	19.4293870832072	0.00195240460574808	0.0243560302470404
BOLA1	-2.29671653966235	3.1327340452117	18.1202968471031	0.00241430867462274	0.0277539420750568
CCND2-AS1	-2.29558431390687	2.92959293374581	16.7650749943489	0.00304406751849809	0.0319431748211166
BIK	-2.29204186513617	4.56209496605614	23.0772945925173	0.00113692821805206	0.0177093754573073
CORO6	-2.28983149426448	6.37277174588185	66.6996655411354	2.32044891964776e-05	0.0023965352184341
S100A6	-2.28794853968635	4.17157846233093	18.3522259720145	0.00232332540793496	0.0270728114488763
HAND1	-2.28199895395968	4.02149441972873	50.0606832797358	7.74404187875006e-05	0.00397491146365992
KIAA0319	-2.28173052550047	2.52384576058614	13.5546199530351	0.00558297485048831	0.0464214896148865
COX7B	-2.28166396121841	7.85303281471085	24.183742530504	0.000977416296834574	0.0162955310049149
CRIP2	-2.27272793728511	9.55522241530386	34.1005381038485	0.000307336607942389	0.00880939252345077
CAMK2A	-2.27118402017998	2.23037410064787	45.2431238097773	0.00395818751125438	0.0372525244764243
TECRL	-2.26428290713303	7.86656949790641	48.02888730172	9.02001502683891e-05	0.00430656957552522
ACOT1	-2.25999603492256	2.52695453277966	43.2843202012427	0.000788024323665117	0.0143979527963506
HAND2	-2.25568022812203	5.98933031381361	42.7014413607597	0.00013839641820903	0.00551982299698331
DERL3	-2.25544985216813	2.90658140524568	31.9435290871474	0.000385308403948681	0.00983368976334886
BANCR	-2.25384554523797	6.87197758870286	31.6120960527503	0.000399367243696926	0.0100729864049676
NIPSNAP3B	-2.25337455396672	3.1629345606155	39.3767961619839	0.000185115732246557	0.00673938035969235
LYRM9	-2.25006729777975	2.8824125334386	33.0608828475875	0.000342206698632163	0.00933952996837127
SRP14-AS1	-2.24518998965092	3.68019790634893	36.1760304676301	0.000249941077117736	0.0078599258914765
BCL2A1	-2.24244334412364	2.25410842087284	14.9881883666552	0.00421203798065877	0.0387553548728379
UNC45B	-2.24174376211038	8.45485061121476	18.6101558477966	0.00222707407051643	0.0264539191802324
CTF1	-2.24060263183561	3.82721200592292	30.4042016652387	0.000456286160446298	0.010813651360432
ANKRD1	-2.23878902927622	9.28273301278976	24.4558702524599	0.000942511297944234	0.0159288223495479
KIF22	-2.23244565607902	4.34568178453261	70.5481542913101	1.86450130178149e-05	0.00217627604154456
YPEL1	-2.23211786201443	4.17062530610412	67.482553899606	2.21744300785787e-05	0.00234787716351241
LYPD6	-2.22889851041889	2.39769324439873	15.382100397689	0.00391080987393562	0.0369840106777054
TBX20	-2.22574505950169	3.89810239314662	56.6258805144382	4.5527511571523e-05	0.00307005621844672
SCHIP1	-2.22264924130945	5.87832192886333	71.9085546912592	1.7301826651328e-05	0.00204526352035548
SLC2A8	-2.22263112943263	4.83592280653212	57.0067584042555	4.51016358332464e-05	0.00305182551708895
PLK4	-2.22147487426229	2.62624280608264	16.4140642137817	0.00323937017853752	0.0331622390288067
SYNJ2BP-COX16	-2.2214431073203	3.77320762248837	32.9117879905452	0.000347600335376755	0.00935417886886566
CDC6	-2.21607803636112	3.67292264088151	21.2041468869662	0.00148781148655347	0.0208240547793429
KCNQ2	-2.2147631171033	3.04888363663194	26.1262779914527	0.000758956195501267	0.0141489596568856
GON7	-2.20907718255063	3.51918830240635	23.170549742869	0.00112229699054412	0.0175620684572944
ACAT1	-2.20487877164759	6.88053531102742	69.9531682948229	1.92726712635166e-05	0.00219876528025573
VSNL1	-2.2018355364682	4.88553901672911	56.2262713790003	4.74521260471429e-05	0.00311224921903577
CDC20	-2.20079946052077	3.81094466865268	61.7892152154711	3.12032430257726e-05	0.00273348766917292
ACADSB	-2.19882540898194	4.13432536199415	16.7810218274953	0.00303554608075904	0.0318707976151604
SELENOW	-2.19879310287251	9.30407873360058	29.3428258116461	0.000514793054251406	0.0113763600712516
LINC00526	-2.1979305948473	2.73204935357329	16.936605003572	0.00295393889493807	0.0312986732912364
COX6C	-2.19583509832563	8.36078079107668	23.1335190062293	0.00112807886330975	0.0176244359352923
REXO5	-2.19559579591343	3.4264078507857	20.8483048776801	0.00156894663603273	0.0214354069457505
SSPN	-2.18313358824494	4.65957923240928	27.0783552229991	0.000674036232808697	0.0131870518408824
DAND5	-2.18196644173659	2.60231551497597	24.4500245846361	0.000943244741893421	0.0159288223495479
RBMS3-AS3	-2.1800753302708	2.35765858243302	22.8064847987547	0.00262881527850016	0.0293933004045633
HMGCLL1	-2.17847481343054	3.32977388699499	63.3270038164206	2.83769288937915e-05	0.00262660601737203
LINC00880	-2.17713959920355	4.94170806083132	58.9784332388561	3.77303174642621e-05	0.00290925453489117
C10orf71	-2.17634418876894	2.5170777250997	13.3905130592595	0.00577321708231996	0.0472623440994429
HMGN2	-2.17440601407841	7.53431471903732	37.7438712726617	0.000215184640299096	0.00726775937450801
MYL9	-2.17079353509686	9.80486324827231	43.8201993530367	0.000121270383289082	0.00514814507089955
ROGDI	-2.16794147885713	5.63152790771785	44.2448733152008	0.00012170379042703	0.00514814507089955
PLN	-2.16709174736134	10.5860086307234	32.9862182947415	0.000344894719561959	0.00935417886886566
HAND2-AS1	-2.16701127542527	5.8317620550188	64.3657468787599	2.66449319726033e-05	0.00255050487852875
PCBD1	-2.16700306838387	5.39422665490886	27.409236553638	0.000647302370584701	0.012895446109628
MPC1	-2.16589166352695	6.00517282347112	24.2362925217635	0.000970552865181148	0.016222670857847
TAFA2	-2.16444196185493	2.25529379440567	24.3967092147983	0.00501994240773613	0.0433757507120238
DNAJC28	-2.16413702218854	2.44570130494963	24.1136393195664	0.00177138843594321	0.0228985212638429
INKA2	-2.16296304736323	4.0479086283231	45.7949695969447	0.000107373022392994	0.00474807816008495
USH1C	-2.16288728152411	2.28768482149733	20.7365050421455	0.0042933334586012	0.0391865383649077
NDUFS6	-2.16224489597544	6.40473054513182	29.0183090206031	0.000534509820877947	0.0115897085249591
ADCY5	-2.1589023431789	6.40346801488177	18.51692632223	0.00226128415286151	0.0265902166603416
MDP1	-2.15454937679822	4.11141042497737	26.2985999957728	0.000742645244855513	0.0139890641966303
PMEL	-2.15342582316655	3.41222036477873	49.857077518367	7.35883677030312e-05	0.00386136152780809
MTURN	-2.15277392124839	4.61768297049521	56.3344295689259	4.60253853760735e-05	0.00307766755423624
LINC01351	-2.14892908436557	2.24198799188446	28.2408689199578	0.00526563525744859	0.0448275751223053
LINC02762	-2.1437036743556	4.73459047191835	28.1735416411182	0.00059039195150002	0.0121936816476072
ULK4	-2.1383541819571	3.55653363501681	52.4917562700228	5.97182866033964e-05	0.00346701756810192
DLGAP1-AS1	-2.1343874287194	2.56941323983901	15.5806956488099	0.00376907194403785	0.0361948369462083
DES	-2.13409408387493	7.31124883149286	53.4497803056079	5.58903706924054e-05	0.00337640576797721
TMEM97	-2.13405131521385	4.00261560479458	64.2102233846459	2.68957995728721e-05	0.00255696966038623
SLC5A1	-2.13371852053028	4.80766152771334	18.2045034095468	0.00238077365167234	0.0275222844328345
PRC1	-2.13329244489689	4.84976228835352	29.6005802341266	0.000499770237662211	0.0112467255956012
DECR1	-2.13202055498758	6.75490832642231	53.6244671238861	5.59336906612696e-05	0.00337640576797721
GLIDR	-2.13089575343866	3.39543519836134	38.3963671174105	0.000202493871365001	0.0070229497921151
HMGN5	-2.13032491564404	2.77683561353449	22.8905676690622	0.0011669408310449	0.0178976111285507
SHCBP1	-2.12938058019704	3.2201180118723	17.355302033538	0.00274743994622766	0.0300853873129606
ATP5ME	-2.12324269107167	6.67300077364713	20.4785352708582	0.00165914135780032	0.0220279640487927
SYNM	-2.12263580449876	5.03283878933347	14.7931210888382	0.00437184993786929	0.0395975786587129
UQCRQ	-2.12216366605369	8.18814142820765	23.9971105918639	0.00100228231037391	0.0164998202822712
NDUFB2	-2.11884380868835	7.04237325818924	23.8776629293955	0.0010186083459442	0.0166152548399527
CMC4	-2.11867375613651	4.26707031103271	25.0800428453991	0.00086809771666278	0.0151959692186206
ITM2A	-2.11830817644529	3.56786036565029	27.9920424569784	0.000603327072659589	0.0123602409139453
BEX2	-2.11124757407902	4.21281545250047	32.9530616522405	0.000346096768974265	0.00935417886886566
MGST3	-2.10975324160322	8.34626377176877	21.6501880211094	0.00139330829088392	0.0200006500307352
ANAPC16	-2.1042803260909	7.10296234000166	35.4400795236301	0.000268641164985761	0.00823047029554365
MRPL53	-2.10132549217025	5.15735949689591	19.8322590798221	0.00183274331458059	0.0233987781795803
NAP1L3	-2.09920127198568	5.37095771212969	37.9885109062551	0.000210314365577446	0.00715777869575879
IL20RA	-2.09905617296144	2.71417695074249	36.7110295953069	0.000546971787466334	0.0116919688294683
ATP5MC3	-2.09867689309979	8.58743996106704	29.0271277239952	0.000533961801748121	0.0115897085249591
GUCY1A1	-2.09846389253384	8.47014501821885	45.2258249214619	0.000108041343626821	0.00476425906963843
MYBPC3	-2.09811908524512	8.88855915329466	15.8057736449387	0.00361604552697703	0.0353216639422164
CDKN2C	-2.0960066193163	2.80619149884354	27.161263193591	0.000667211356599567	0.0130934233963313
KLHL3	-2.0951195844637	5.06574237410822	21.6804275443736	0.00138717416955378	0.0199563920301715
EFCAB7	-2.09142041004479	3.35921687061922	50.9018101406273	6.56198880672368e-05	0.0036581223396119
GTSE1	-2.08931824392773	2.84297673639161	45.0987714720925	0.000239768579596305	0.00763795265814656
ASB2	-2.08886832229185	6.94550647458771	37.0013609409487	0.000230845099372232	0.0075122278357899
EMP2	-2.08800560542948	6.85025701073301	31.3277788801955	0.000411935975486534	0.0101814927793732
GNG7	-2.08783278717717	3.67831540519152	64.5401473897781	2.6367030317807e-05	0.0025481340164611
DOK7	-2.08687761585223	4.28991412793002	73.314343988171	1.60367195571873e-05	0.00197743878977167
PHACTR1	-2.08610637774572	4.96761210447532	49.7725040804736	7.58618430852533e-05	0.00392780197061194
PLPP7	-2.08214696022654	5.79702776698242	56.2910039058303	4.46152159786021e-05	0.0030414139590053
FAM229B	-2.08090997153195	5.63890959342396	32.6518590722039	0.000357257214403873	0.00943534093976743
CDCA7	-2.07581190122919	2.50771019136164	19.7111201195849	0.00202060658465902	0.0248591617622345
HIGD2A	-2.0753384060531	6.91994927941911	18.7003595316103	0.00219458224874991	0.0261471083589675
ICA1	-2.07363503694418	4.83651724020919	68.8326746455833	2.05268743311031e-05	0.00228280246996832
ATP5PD	-2.07035161349968	7.40001788939225	25.9066468130477	0.000780392669432154	0.0143064094673772
PARP1	-2.06999735739068	7.02738693233322	33.8483278883732	0.000315375982035854	0.00885353776178765
TMEM144	-2.0686865074792	3.36326329338892	57.9022117614497	4.00532182499655e-05	0.00295475301398148
SH3RF2	-2.06758620692796	4.95116511056608	51.6573441697603	6.42158803093835e-05	0.00362597740054164
DGCR6	-2.06449715316974	4.5103782264425	28.9729516659455	0.000537339468361876	0.0116181025728726
NDUFC1	-2.06284891949037	6.70619323334977	19.7904774433748	0.00184472323385374	0.0234905931329734
ACYP1	-2.06107862206186	3.70575535086154	16.0549418356291	0.00345551487298915	0.0345051691048843
COX8A	-2.06100336535275	7.17452308196651	18.0247904581778	0.00245305485535744	0.0280841863632899
MYLK	-2.06030881550882	9.25182650966089	39.4590650690417	0.000181228891546181	0.00662244793074619
FAM20A	-2.05949880375328	2.53640259039641	23.3420626517777	0.00167664151374234	0.0222278170345036
PLCXD3	-2.05858117702727	4.88309611478949	45.7933423601914	0.000106410615649489	0.0047456716156589
ABHD11	-2.05698444219517	3.79040223656356	36.0937721078038	0.000251949562005514	0.00788888838477265
MMP15	-2.05665460586141	6.56618177878607	23.0760475326891	0.00113712546889911	0.0177093754573073
ST7-AS1	-2.05649228661435	2.51292821141928	37.1536566749819	0.00193708504198998	0.0241802924802604
NSMCE4A	-2.05461329907196	5.06345374753762	55.8064051662935	4.61109035797511e-05	0.00307766755423624
INKA2-AS1	-2.05401182554026	2.68084985989133	43.3922861123392	0.000795520234292908	0.0144809773260944
NEXN	-2.052928741878	7.85461333377294	26.6683084439959	0.000709088982056936	0.0136149247503946
ATP5MF	-2.04936317245376	6.80052138841164	20.1840528591614	0.00173559933371428	0.0225696923296722
PPP1R14C	-2.04744317885586	7.21462542870173	47.849070902014	8.67634120878276e-05	0.00422471075781499
NIFK-AS1	-2.04684090388841	2.9015115218866	41.1036035637946	0.000204478212926005	0.00705180311466958
ERH	-2.04614398606642	6.39681255059635	26.2008899077246	0.000751840046881989	0.0140776309541653
HACD1	-2.04396556714095	7.48017418818096	26.1738395653557	0.000754410411879878	0.0140988528688751
PET100	-2.04318790620173	5.27354566134973	19.1770802388099	0.0020322882181027	0.02494033252272
SMDT1	-2.03749050848364	5.54219883498135	24.5325536477102	0.000932955005058679	0.0158372360173698
RDH5	-2.03727170429192	3.02884584653286	23.5285257204927	0.00106825128698392	0.0171617197936942
DNAJC15	-2.03652165913746	4.76035262737788	33.8531699640878	0.00031521920663677	0.00885353776178765
PIFO	-2.03069660099083	3.56542597366665	34.4340064753245	0.000297092114768859	0.00866438234591098
ETFRF1	-2.02949889442082	4.67685397371233	20.1212482761026	0.00175246605466358	0.0226838003896197
SKA3	-2.0282840767085	2.47265286379889	24.5982854492551	0.00283150452878836	0.030579313906667
GJA5	-2.02533847382706	5.79066868867072	22.3350124011893	0.00126222179319621	0.0188790754894154
DHRS11	-2.02496878688477	2.35545303289952	31.9870501864014	0.00469210064840555	0.0415304876065233
GSTM4	-2.0240146286797	5.69371450195461	36.461723450921	0.000243117347839952	0.00773207733656951
ATP5MC1	-2.02317669502109	6.64756272027311	21.2490877929359	0.00147793762767662	0.0207022014613984
MYL3	-2.02230308912728	8.20141434471967	31.7731842506901	0.000392456330446708	0.00996270449205143
TIMM8B	-2.02180626545774	5.96797296954126	25.7584879090647	0.000795277201311438	0.0144809773260944
ATP5MPL	-2.02055665786066	7.32047346407852	20.4106716348228	0.00167638534078455	0.0222278170345036
CHCHD5	-2.01953615364197	3.8883359777726	17.5577672812488	0.00265400692347493	0.0295235702150502
IL17B	-2.01942685083088	2.383419384185	20.9086991432697	0.00410686474630576	0.0381662483928906
PPP1R3C	-2.01805275870654	4.78339191371765	29.6042157864964	0.000499562250395395	0.0112467255956012
SVIP	-2.01191045665431	3.91087820698359	16.6746731567847	0.00309293936693973	0.0322490697117207
HADH	-2.01084750074435	5.59589499346785	68.6707738847681	2.07163010010405e-05	0.00228379760979448
UQCR10	-2.01078503067825	7.6422378014549	20.7615866636853	0.00158954308260284	0.0215560496958642
CHURC1-FNTB	-2.00953396787014	3.70760917343813	30.1732565574982	0.000468286317208991	0.0109264951279334
FANCL	-2.0068399777431	4.45624578919171	56.4037732656557	4.42757630408011e-05	0.0030414139590053
CPVL	-2.00510421274149	6.77411915718488	60.1337462909349	3.46435379058262e-05	0.00281189222085694
PLK1	-2.0004525994733	3.87954345674165	55.0892548077665	4.84393583868665e-05	0.00314355798167743
ACOT13	-2.00011440355758	5.84778269400765	30.4654694932358	0.000453166638132049	0.0107527073035855
PTBP3	2.00443172930132	5.51891165800899	29.2660739802359	0.000519373959340852	0.0114384682425876
TGFBI	2.00817494948567	8.2226062227586	22.9092170505203	0.00116389960249704	0.0178976111285507
RLF	2.00921866812996	6.91630997981363	24.5122340561332	0.000935475516633931	0.015851512372428
ERO1A	2.00933709991135	6.15018009781092	39.9208315422086	0.000176266832967775	0.00651390595730065
MYD88	2.01995378411476	5.07359018429883	30.8673582198697	0.000433344771607206	0.0104852336044984
LRIG3	2.02203023825943	4.07421531131474	23.7993931920842	0.00102948482268828	0.0167508960825971
GTF2IRD1	2.02211865912622	5.32001832668122	40.7197762972574	0.000164198606167194	0.00616074426160391
PIM3	2.02223782920243	5.52420171245808	64.9452140150604	2.57352070765574e-05	0.00253769833398636
RSRC2	2.02486409922498	7.38637868193629	58.5350768998112	3.8419442185714e-05	0.00290925453489117
PIGA	2.02529992148819	4.525591503836	33.4166563903801	0.000329748409286248	0.00914682690647351
ARRDC2	2.02868698504034	2.97572871226542	46.0678386221782	0.000117197968265805	0.0050104046433113
CASP4	2.0314195330856	4.58215899237934	45.3368160363169	0.000110970479112297	0.00481764095491286
KCNE4	2.03297618541516	5.29165454437591	43.407934667758	0.000130425702440958	0.00530984140871144
TLE1	2.03612870038165	5.85067848419376	32.458041422231	0.000364674462604523	0.00956656801726085
EGR1	2.03763370359093	7.2014314528122	39.1593286477171	0.000188806069913793	0.00682309670334873
HRH1	2.03909929276036	4.52089672461408	66.5093215661726	2.34637696876951e-05	0.00241062592974681
EVC2	2.0400739523669	3.2518471022065	28.5581265134776	0.00056409764236671	0.0118833592398414
H2BC5	2.04207669638029	3.79656865464113	33.3946635052044	0.000330502113727747	0.00914682690647351
LIPG	2.04315021457577	3.1209832143403	30.0648153554625	0.000474055590471093	0.0110001689973913
EMP1	2.04409515902311	3.8123340991967	38.3749923552854	0.000202894704976767	0.0070229497921151
HAPLN3	2.04748300021747	4.19406773536638	74.3698607979253	1.51610581481826e-05	0.00193185353273888
PIK3CD	2.0482660371205	3.51346278920196	26.0515615305091	0.000766165984197687	0.0142108629262294
DBP	2.04862847543104	4.12421061922712	59.1374313283569	3.69399652382825e-05	0.00288410076294438
ADM2	2.05231357629752	3.68190141874922	35.212598648457	0.00027476861881959	0.008310492958856
BAIAP2L1	2.05431855971957	3.24431563511141	25.6184414370431	0.000809670857214174	0.0146299919255191
PFKFB3	2.05462005745352	6.2201683244394	15.5624994192224	0.00378179076497776	0.0362353907134563
TRIM22	2.05572979724605	6.29745664389274	25.72451070907	0.000798740027220873	0.0145126625501437
PDZD2	2.05861694939542	3.28707854937708	41.2929838673973	0.000156165209554551	0.00604424044790722
ZNF844	2.06157802379015	3.11055441676574	21.4260580066922	0.00143983563274353	0.0205035519748376
ITGA2	2.06205192138293	5.77938099910233	36.0253155585279	0.000253636280058763	0.00790016622792556
DOK5	2.06711931329065	4.37999831935424	72.7420898399158	1.65374928090389e-05	0.00197831487830265
SKIL	2.0672505882657	6.89033878507024	71.0678821865831	1.81172142789214e-05	0.00212882692092979
PCSK9	2.06944112870812	2.87884475783762	35.176657643526	0.000275752471479639	0.00831389134274359
RAPGEF2	2.07226766643903	6.33622332707943	37.4966041550848	0.000220249673209135	0.00733542454958486
NPIPB15	2.07342173542294	2.57859239192581	24.8342016569332	0.00110912459092483	0.0174533695651306
CLCF1	2.07535804530105	2.71479710502503	34.9373687501434	0.000469478016367076	0.0109412911106545
RGS16	2.07577109090137	2.24644731810102	14.5947552210922	0.00563415425793022	0.0465903957030614
ADCY7	2.07634811975719	3.76528604142721	32.9122578005486	0.000347583175189438	0.00935417886886566
KLF9	2.07955873826376	2.83179971842627	31.3975071919844	0.000408808778271175	0.0101673696527443
SQSTM1	2.0823157663318	10.0988627153815	57.7954778729341	4.03371217170039e-05	0.00296455183315643
FGF7	2.08336428842837	5.0506893805706	46.7979017419282	9.87998235907639e-05	0.00455105384582526
SH3RF1	2.08481289643394	6.09490876601471	27.2019925417718	0.000663889878883436	0.0130802291430125
CDH6	2.0860259065912	3.84222521258794	55.0895252087585	4.87033104599132e-05	0.00314376664853578
HOXA-AS2	2.08845700400334	3.09519888081221	35.6349236292549	0.000263526623815922	0.00814359517974778
NBPF14	2.09344732783483	5.37984183697664	64.627296720949	2.62294972702108e-05	0.00254802685610568
UBASH3B	2.0935950641924	3.20101568088484	39.8977369934375	0.000176631704123931	0.00651512016921787
ZNF317	2.09538557964355	6.25890690470521	18.2407318210485	0.00236652336874019	0.0274295853897158
IFRD1	2.09569178257752	6.83581148586454	61.3378149349787	3.2097925959544e-05	0.00275046987381717
PDE7A	2.09632417755559	5.59956176161437	37.267733570346	0.000225069814438965	0.00741031035022788
TMEM87B	2.09992379311525	5.54332101568571	38.7430091632571	0.000196128003816374	0.00692350312932067
DPP4	2.10411411866045	3.97866881727305	21.2695559639869	0.00147346749872937	0.0207016064078898
C1QTNF1	2.10929843948928	4.24829128764199	43.4198533432014	0.000130296172049307	0.00530984140871144
MVP	2.11109380961069	6.994654639568	42.088144320955	0.000145808965641665	0.00569962018483345
ERRFI1	2.11394386007247	7.00314281507873	24.1387496579131	0.000983340478878813	0.0163127022690314
KLF11	2.11459979899539	5.41346163118933	17.9440743533104	0.00248640272764841	0.0283831766868207
NRG3	2.1209953352751	3.5098139796093	54.3616698127911	5.14145013923235e-05	0.00322999428046751
SLC38A5	2.12294920332129	2.64534358893933	36.3802787160505	0.00058315357445411	0.0120939559275886
ARHGAP20	2.12348413530002	2.63464554787144	24.1167467758224	0.000986253755455212	0.0163456566244068
THSD1	2.12800067929775	2.36342004434308	20.2480799493359	0.00278722809636126	0.0302996038765303
IL33	2.12947949178136	5.17825684902549	68.3519042805034	2.10957150605068e-05	0.00229978453684624
TENT5C	2.13230298038215	3.19093800206158	24.5712502134331	0.000928178141442359	0.0158241873757805
RXFP1	2.13337397598062	2.5980046704789	17.1314143605557	0.00285555151696578	0.0307206619613046
NBPF26	2.13512504312488	5.2691419964736	26.295259800155	0.000742957263326079	0.0139890641966303
THY1	2.13984108026387	7.88157071097829	48.9195486422643	8.06139641263875e-05	0.00404574889527392
TYMP	2.14231481939587	3.82532765018747	27.4811884462428	0.000641663564267821	0.012861454669691
GBP3	2.14259389004603	4.57052420631089	26.9450986817494	0.000685187637240949	0.0133387271880746
STARD13	2.14610323592774	5.33761788575919	26.3421038944091	0.000738596168585582	0.0139479220802308
LDB2	2.15533350974111	4.88254006078201	55.3243761405666	5.01312117888741e-05	0.00317605269286461
EIF2AK2	2.15554212432917	6.38740544242257	27.2072212176817	0.000663464962936486	0.0130802291430125
HS6ST2	2.15880707098174	2.24781966994509	20.5508035463167	0.00438043210524711	0.0395997441709367
ZBTB10	2.16694256994356	5.19643341440544	23.0278810944524	0.00114477659140646	0.0177861845234908
CHD1	2.1674246049977	6.4504965546775	49.5536798528058	7.99037801552884e-05	0.00403072462207513
GADD45B	2.16956613218882	7.55446536433018	59.9747726145034	3.49979279030462e-05	0.00281189222085694
NFKBID	2.17053934098394	2.54798848609612	52.9850418197987	0.000830922223736284	0.0148363847100793
SEC24A	2.17119200641062	6.53392649888866	13.5352300414205	0.00560504335618921	0.0465458170878125
HFE	2.17313758353134	2.55329790228337	44.6919427652494	0.000802959232442362	0.014548909527439
KCNAB1	2.17460845297474	3.21645557608065	68.8435311307584	2.05142484650061e-05	0.00228280246996832
SEL1L3	2.1785542302981	6.49127638476457	17.09245402104	0.00287489959971787	0.0308611350357023
LRRC8E	2.18139127542376	2.74699298422622	21.8109390202248	0.00136108001211764	0.0197420722908258
PTGIS	2.1837728202608	8.54102206007947	45.8225499238428	0.000105893591483031	0.00473337117465038
ACHE	2.18426551785268	4.27479473163023	76.048959219819	1.38859443058596e-05	0.00187919920768195
NEDD9	2.19839119134382	7.34635088082623	22.4127756878256	0.00124832024098295	0.0187707188419989
TBC1D2	2.1998561297255	2.7870653476712	31.8743324614589	0.000388192425075029	0.00988818268601032
IL1RL1	2.20051132401193	7.94051172610276	39.4896850034807	0.000183235204766815	0.00668331677163424
ATP8B1	2.20163768608539	4.9085745793298	24.293113409495	0.000963198577625285	0.0161407734318881
SMURF1	2.20676519152962	6.36710016438655	14.9545720526321	0.00423905566718372	0.0388960294106878
CACTIN	2.21659709174406	5.37143711145835	35.6544282000735	0.000263021294253427	0.00814079945920346
WAKMAR2	2.22153889424662	2.25550082759894	35.5051688809275	0.00336383504118995	0.0340250180480775
GPBP1	2.2216715943617	7.846398834623	45.5104911919578	0.000109840069066023	0.00480168697062096
SNAPC1	2.22407889783072	6.03134636202768	74.629522656025	1.4954727301291e-05	0.00193063561732391
CLK4	2.23061364571361	5.93494822790552	46.2243597573603	0.000103777553545848	0.00468144122581647
MFAP3L	2.23069284574785	3.27100210547753	25.0051584885189	0.000876631882995666	0.0152897721799388
SPRED3	2.23255521861213	2.25871114248616	31.468145335512	0.00321740333585395	0.0330169924328115
FOXN2	2.23518926728943	4.82101894046135	38.3089434913889	0.000204139509522249	0.00705180311466958
SMOX	2.23838942259566	4.38691809610646	63.07334955211	2.91164667088723e-05	0.0026380717379955
DTX3L	2.23860041889549	4.50218190539607	39.2945054780273	0.000186501596542042	0.00676473351006375
TNFAIP2	2.24691985786998	2.43537921623533	31.9914348014719	0.00116334554809229	0.0178976111285507
DUSP6	2.24752601973563	6.61557107915297	59.1003513568783	3.86951757430869e-05	0.00290925453489117
ETV4	2.25529270181469	3.38974170573725	51.1633922236744	6.97636739170123e-05	0.00376091366283937
DRAM1	2.25581669948198	5.54786463254222	49.9475717872637	7.80896291041338e-05	0.00397519291919562
RASGRF2	2.25776830512569	3.28169117019733	27.1587024191695	0.000667420873625957	0.0130934233963313
ARSI	2.25877661773306	3.4457166044438	57.3485661465477	4.27824061450019e-05	0.00301901140438794
SLC7A5	2.26805605794068	8.82052695951275	25.5006684237277	0.000822025443361769	0.0147311463699434
SPRED1	2.26826627197636	5.6314737147838	32.445754270775	0.000365151069914303	0.00956656801726085
STEAP1	2.26950572737791	2.15877643744677	34.4558171784889	0.00469830759624372	0.041566677169112
HES1	2.2723034664695	6.31538430468443	48.4749674026426	8.71884550333175e-05	0.00423489864633364
RBM15	2.27347996352283	4.73307939504247	22.3979904736914	0.00125094871560399	0.0187947335932903
ITGA4	2.28058078691007	7.21073159927661	23.2410716703581	0.00111138694661036	0.0174686988255389
DDIT3	2.28279210884954	6.6988292793142	47.7252371850758	9.23239748075593e-05	0.00436547797023792
GPR176	2.28749956021021	6.82943844101712	25.2502405284648	0.00084908023519918	0.0150044235113485
BRPF1	2.28951929133069	5.01637752630587	18.2580496415096	0.00235974879960325	0.0273672285429165
SERPINB8	2.29107860138967	4.97005461861602	82.5132571475074	1.00577582832747e-05	0.00155404244718661
DUSP1	2.29223390568886	8.48531353112169	75.9116781145848	1.39851142855731e-05	0.00187965683305344
TRIM25	2.29412673382372	4.59677031197317	23.4733045165315	0.00107637488654898	0.0171659363257244
CFB	2.29420764656255	3.18579235494304	21.5921333268013	0.00140517912156594	0.0201415850273838
ALDH1A3	2.30457770326118	5.56987540222317	17.0735962644966	0.00288432286237597	0.0309039071050076
HTR7	2.30658237267168	3.97522980115911	29.3350619733899	0.000515254158729421	0.0113763600712516
SULF1	2.3090247846901	10.5148755832406	14.301848788786	0.00480892793493082	0.0422406413908449
SLC2A9	2.31395839997897	2.66446380996513	51.5357984928592	0.000208427432515815	0.00715605924548985
TAP1	2.31833507686919	6.93173670065105	27.2698148062195	0.000658404223949205	0.0130240585549952
PDK4	2.32162390074686	4.49249032709924	56.6480836760565	4.8384811167828e-05	0.00314355798167743
EPHA2	2.32369421617393	7.56771113901436	27.8760254686704	0.000611779245779201	0.0124791519126042
SLC43A3	2.32409574235542	3.54674528344507	51.5617946252583	6.94248253265984e-05	0.00376091366283937
SLC22A3	2.32872375815381	4.72906463207645	37.9847732799705	0.000210387743041229	0.00715777869575879
IRAK2	2.33214518060702	2.90343025347405	52.717591724563	5.8934606840981e-05	0.00345216056728528
TRIM38	2.33395740670831	4.78983854557484	61.0171956959422	3.52507509723696e-05	0.00281189222085694
INTS6	2.33521827715449	6.51368769431654	36.3540902764545	0.000245660782914644	0.0077751637792485
CD44	2.34037786759364	7.55450928024877	45.6660395056721	0.00010848255006912	0.00477298896862407
ELF3	2.34059539593608	4.96493334319137	84.7861224600651	9.02867779610707e-06	0.00153774040042082
BCL3	2.35247764297349	5.60050371060719	65.9534558099314	2.51777538459096e-05	0.00251795940073588
BCAR3	2.35602112760936	5.79021094809157	38.716970932956	0.000196597507663073	0.00692608706595897
ULBP2	2.35810306453315	3.95706953109648	80.4609706590853	1.11135913242274e-05	0.00160965810473869
JUN	2.35872706331817	8.86173942949955	32.1573658984507	0.00037656183663167	0.00978041237096783
MCTP2	2.36061467882309	3.50856118350422	32.7062991812393	0.000355207465796525	0.00943534093976743
LSMEM1	2.3614318007152	2.31784258583548	45.6224703874541	0.00150096526701799	0.020932875303669
AMIGO2	2.36872328762927	8.00328821974344	43.692750517031	0.000127373389577134	0.00527309709635464
ADAM32	2.37657411493809	2.34123190783471	46.0116339818007	0.00126595478077225	0.0189030605635227
APOL1	2.37987560067253	4.12221861729703	21.5622969577273	0.00141132865378671	0.020185647921919
IRF1	2.3799431861167	4.99220882039287	87.1241790634115	8.10194017805728e-06	0.00151010682649468
INHBA	2.38321876802606	8.3061312465827	78.6740343496352	1.21459620912887e-05	0.00170243010083827
MALL	2.38332579445278	2.65913873735056	41.0543681100132	0.000159448983550096	0.00609915673334021
FRMD6	2.3878718468709	6.89129115611023	14.6812960390762	0.00446685824446498	0.0401342304629745
RGS4	2.38859184078441	7.19183639122904	57.8378288933255	4.46377832234382e-05	0.0030414139590053
CIART	2.39236219596112	4.79003157702701	92.1763580637768	6.4683329233704e-06	0.00144236473812838
CREBRF	2.39475129291339	6.65574446164608	61.6379176803078	3.4345320313869e-05	0.00281189222085694
HLA-E	2.40562960577337	7.99881942860513	48.3445076039259	8.80562194607007e-05	0.0042471508465828
TPBG	2.40700323244664	6.89330267454998	69.7509097230378	1.97530301511882e-05	0.00224054168009692
TG	2.40748555751003	3.31380438434855	64.0824300453354	2.73639926963822e-05	0.00255696966038623
TNFRSF1B	2.40850928206638	2.49430791616515	40.1476045516322	0.000431023340795521	0.0104419395264574
CXCL6	2.41065563619882	2.59225361140781	46.904485025873	0.000217943588874665	0.00731541884498075
TET3	2.41072751783474	4.49394852545579	52.5200974298384	6.48407304475668e-05	0.0036353418673503
NR6A1	2.41460196066416	2.86590519029184	52.7081200949727	6.04216870182407e-05	0.00348721989517335
MYO3A	2.41472960042875	2.34240393082325	33.4702883521873	0.00110671426884759	0.0174365794384845
PARP9	2.41475468489217	5.80620430393815	16.665229404302	0.00309810062024799	0.03226391870508
BCL6	2.42227751784328	6.0408269862452	70.5646010206369	1.89785282990248e-05	0.00219054200781461
INSYN2B	2.43020868991198	2.48864013691986	42.736210706568	0.000413392812097544	0.0101814927793732
NBPF19	2.43316333475783	3.77450860772273	53.8397159794296	5.91237123502479e-05	0.00345293037931224
LOXL2	2.43560543216727	9.18327158661229	31.5939435133683	0.000400155413377363	0.0100799097261925
HIVEP1	2.43760180934234	6.21661008963325	37.0595602196977	0.000229567772291743	0.00750434720095807
MAPK13	2.45026223342652	2.02820629125608	22.0377809889657	0.0055113803336301	0.046264429372985
NEFM	2.45649395150597	2.32290848428155	25.1162301401073	0.0010628862403133	0.0171617197936942
SOX17	2.45807125009167	2.33705470859877	58.6243663496486	0.000957720295815171	0.0161039806039255
DUSP4	2.46281403903393	3.12649937414037	58.0429543400257	4.27293535794056e-05	0.00301901140438794
SLCO2A1	2.46639624910215	2.83900939969082	37.8217280366862	0.00021361969070843	0.00725235154112721
CA12	2.46999474518641	4.68037327651931	66.1157830276378	2.61956401372693e-05	0.00254802685610568
PDE10A	2.4776954348908	5.78993633912355	54.3465764107596	5.70944069234247e-05	0.00339504105169201
KLF4	2.47853682770821	2.20181272962737	47.667372255416	0.00198182288669888	0.024570293685162
PTGER4	2.48347303851414	2.33976138807712	35.3849316653273	0.000878865617342877	0.0152927766235048
IL15RA	2.48371998775306	2.57653077358121	27.930784434642	0.000607771773734196	0.0124300327850366
KLF5	2.48501812585326	5.69017495960353	73.2540448495823	1.6573795145941e-05	0.00197831487830265
BHLHE40	2.49650330970384	7.5789982622799	58.098615482486	4.44664837910834e-05	0.0030414139590053
EDEM1	2.49853345131614	5.60514503724502	25.9858086733746	0.000772581022792243	0.0142519706685304
MEDAG	2.50323396423374	3.77834033253151	64.1789645303113	2.92048631272104e-05	0.0026380717379955
TIGD3	2.50857493696332	2.18825999197746	32.3334265016672	0.00198041426237756	0.024570293685162
SLC2A3	2.50951483857836	7.98483488152478	31.9899672058543	0.000383387772293037	0.00982143375418573
FNIP2	2.51130882842905	7.55748581754329	28.9190783467722	0.0005407244982955	0.0116472413063146
LOXL3	2.51142325140114	3.72730730113867	62.4274482237607	3.29156764534463e-05	0.00278407034071542
TRAF1	2.51494490195921	3.05645988803126	53.3991916484929	6.09602637512931e-05	0.00350798608677896
KLF10	2.51512818824002	7.42744162206577	50.1356131868189	7.701402432843e-05	0.00397491146365992
UGCG	2.51827418067061	7.58520133715667	83.563657345169	9.56515647625439e-06	0.00154490199561112
VEGFC	2.53516730599859	4.63515369981206	94.7174777162999	5.80038206280911e-06	0.00140519626195683
CPM	2.54545559354501	3.02276452450987	67.4199046947808	2.22547598437196e-05	0.00234787716351241
PHLDA2	2.54997891286495	5.30392310580344	43.2277538538413	0.000132403407267724	0.0053487072785678
OVGP1	2.56784912213621	2.20987696958064	35.0600440991933	0.00144557760254016	0.0205289687801358
SPINT1	2.56908913035218	2.65457082317386	59.9009510684766	6.69990024104878e-05	0.00370344063183381
APOL6	2.5713670873458	3.7256521538438	28.8880475097431	0.000542686233808352	0.011653486205127
STC2	2.57437030451462	8.15321743057404	47.929606564831	9.08878439080782e-05	0.00432079953846935
CSF1	2.57940254589539	6.46700640503226	103.920468737389	3.99331683080348e-06	0.00128691034400296
ADIRF-AS1	2.57966152408534	2.07518882933482	18.6839089139246	0.0030687229766295	0.0321160271842137
F2RL1	2.58948649298514	4.25596677483306	53.5442003839314	6.03480365570844e-05	0.00348721989517335
CD101	2.58992701844622	2.00431996013527	17.5986046469365	0.00438113665571541	0.0395997441709367
HERC6	2.6047525282243	5.32272689949265	13.5416888131558	0.00559768034540805	0.0465043528441753
IL1R1	2.60535607622335	7.51313256024499	24.611970146879	0.000923184130946968	0.015785026462993
TNFSF9	2.6055469138892	3.16024223435977	47.566452139661	9.34591748120825e-05	0.00440853218109975
GRB7	2.61012018464348	2.23905930145272	26.6221062062821	0.00105487933552936	0.0170509861623497
BMPR1B	2.61952128985628	2.96854025790767	62.3736071157938	3.17734619167868e-05	0.00275046987381717
TNFRSF10D	2.62061286143045	7.48022544335204	14.9447899262219	0.00424695796328517	0.0389248277036641
HOXA5	2.62818067506207	3.55007629402319	65.55187392473	2.75032864730118e-05	0.0025578056419901
PMAIP1	2.63758923968866	5.36893322956654	70.4982199374444	2.10045790199945e-05	0.00229978453684624
TMED7-TICAM2	2.63929837756703	4.59509386840852	49.3755298743214	8.14778630356843e-05	0.00406328690529656
PARP14	2.64270927283364	6.03668208628629	14.8907551947161	0.00429093942664621	0.0391865383649077
H2BC8	2.64382288870976	2.44629897022457	49.9873471973867	0.000239104162715375	0.00763795265814656
SGK1	2.64760556064073	8.44630371451697	81.4586732844687	1.05841020689711e-05	0.00158672253331434
SBNO2	2.65624910802372	4.52373332477968	36.8789777651039	0.000233559884491646	0.00752569066236381
PDCD1LG2	2.65719011278689	3.06206071097339	37.68423270807	0.00021639299067841	0.00729601315478084
ITGA5	2.6651029887556	9.25827910815853	24.9734814006363	0.000880273170971806	0.0152927766235048
KCNN1	2.66713376724294	2.21718925130127	49.109902471515	0.00100802887195529	0.0165225149595966
SELPLG	2.66881010919189	3.42444523681848	50.7273736063779	7.37464969605272e-05	0.00386136152780809
SP100	2.67621665952809	6.86931260475923	49.9292875843932	7.81952029154313e-05	0.00397519291919562
SERPINB2	2.67772914433441	2.53462647177012	32.688631232927	0.000355871092145012	0.00943534093976743
GABRR2	2.68276068858131	2.20270382314746	29.5398692610259	0.00107484857699894	0.0171617197936942
WNK4	2.68295532191459	3.80884838570322	82.8007919292498	9.91987216261533e-06	0.00154490199561112
TM4SF1	2.69154435122965	5.91686793925113	102.614835204748	4.20245285394338e-06	0.00128826035805522
BMP6	2.69164921593707	5.36184222807242	39.6959835974763	0.000179859241294666	0.00658466024612916
CCL2	2.69276937726264	7.84759036342829	52.4502442061981	6.51619891551392e-05	0.00364294505182706
CHD2	2.6972839894532	7.75982996747067	61.5886776466033	3.56851285091263e-05	0.00283501731471492
ADGRE5	2.69967365164415	4.14873697946607	62.4311348341979	3.38958942240025e-05	0.00281189222085694
INHBE	2.70069340898087	3.13849797900881	27.3256702880917	0.000653928517009551	0.0129541368356208
ZBTB21	2.70300255278321	4.75623727494513	52.6377305830043	6.4304139804744e-05	0.00362597740054164
CPA4	2.70880337655779	8.66166656592753	57.2449825384843	4.70084378757221e-05	0.00311224921903577
H2BC18	2.71188873683674	1.912382827833	47.2238437311594	0.00530974389717687	0.0450662216670855
SLC19A2	2.71829574750768	4.6792047323496	69.111843002556	2.30126203442711e-05	0.0023965352184341
PLOD2	2.72092617750925	9.05414938607293	33.0436023788089	0.000342826507884207	0.0093434507836275
PRR5L	2.72220878028421	2.27904090071444	41.6720111235842	0.00058202454058583	0.0120857857776886
BHLHE41	2.72226498065723	5.51034430327045	79.0985642565944	1.28315811874542e-05	0.00176079802546443
PTGES	2.72268945022444	4.49969764267421	47.9223007449131	9.09387050597688e-05	0.00432079953846935
IP6K3	2.72714799718509	3.25775343462836	58.4522768966802	4.34632499694865e-05	0.0030255292649934
JUNB	2.74466071331849	8.83977512495074	69.4841363212764	2.18459135029957e-05	0.00232979543842003
RBM47	2.74471518774054	2.34588406605632	34.5902609291104	0.000344010747515585	0.00935417886886566
CCNL1	2.7526827816377	7.77475095192878	110.614196945462	3.10169559555594e-06	0.00127688237464461
ARHGEF28	2.75926137144641	2.80297995493848	47.4981660873373	9.39526726463951e-05	0.00442118296244655
GALNT12	2.7629159483633	4.19328928471022	63.9929482277701	3.08626946456194e-05	0.00271577873108067
RFLNA	2.76476424303194	4.14792848836972	84.394578512885	9.45720108717498e-06	0.00154490199561112
SPHK1	2.77288835832612	6.22218775050311	123.114964340167	2.00604350283232e-06	0.00109443833303356
PER1	2.7732106477748	6.06008349483674	87.4421151777527	8.27541917922671e-06	0.00151010682649468
FOSL1	2.78656674018398	3.79347366727609	112.580985703513	2.88758005294694e-06	0.00127688237464461
TMEM200A	2.78999114787352	6.44775556096293	89.2889813829739	7.5230942973508e-06	0.00151010682649468
KCNG1	2.79491761739048	5.26629494245717	87.3126296153098	8.34117505993166e-06	0.00151010682649468
APOL3	2.79715408057615	2.34261438233737	21.1843494506922	0.00149218703056884	0.0208704106207074
ARRDC3	2.7976684166473	6.42307738576895	42.9412183590066	0.000135625429145704	0.00543138325740033
CDC14A	2.7980644966204	4.37870447149072	46.8670759169593	9.86694217683795e-05	0.00455105384582526
SLC5A3	2.8073895148366	6.17575027366547	45.4923915060492	0.000109999390864676	0.00480168697062096
GPR87	2.81989285832172	2.11368090767112	45.5611172086212	0.00127308333263233	0.0189112144104801
HAP1	2.82855692128692	1.87595381228547	17.0975255424135	0.00504692117257863	0.0435321908437409
ATF3	2.8347493933044	6.18199089837135	106.169591272045	3.66222915386144e-06	0.00128691034400296
LOX	2.83750970259009	10.82108316701	42.101660783685	0.000145640386115127	0.00569962018483345
ICAM1	2.8447737522052	5.36454591675689	70.4705717654838	2.13580205334233e-05	0.00230279360949102
ANXA10	2.84774924342999	1.82913875612299	51.9400650390221	0.00621737075536886	0.0495546167069875
H2BC6	2.84819769309374	1.87799949452125	30.2575763008947	0.00477050994297028	0.0419783482560115
SAMD9L	2.85490780892154	3.92071503519106	16.8720907875696	0.00298744421594574	0.0315854622033962
ATP10A	2.85712674772803	4.76657229539622	49.8213304464108	7.88221602168177e-05	0.00399671124014112
PTGS1	2.87156939075835	4.10972020002214	40.5618493698425	0.00016650112626522	0.00622333638229031
PPP1R15A	2.88821574772002	8.51115178981414	94.8897545596198	5.75824394140058e-06	0.00140519626195683
FAM83G	2.8908228400634	4.64682813231396	39.0745301051523	0.000190269677856428	0.00686334905988362
IFIT1	2.89733256584906	7.04147024602477	17.8968682431717	0.00250616625617681	0.0285092756202652
TMEM158	2.90737662552539	4.24249137359516	89.3641551281856	7.71498564793026e-06	0.00151010682649468
IPMK	2.90937164593104	3.92147667894832	59.4032416434764	4.09010765596671e-05	0.00298666257973671
TMEM119	2.91671883335355	2.77024009169032	42.1731351248943	0.000144752940361609	0.00569235861466102
FOS	2.92420943122473	8.20271289935304	111.894525342457	2.9601827551785e-06	0.00127688237464461
GCH1	2.93039299898493	3.82175085851221	40.9027296403627	0.000161580198689079	0.00612101976616951
ADCY10	2.93426631602263	2.00722335269732	19.2730900865673	0.00200142173733901	0.0246730173061264
AGTR1	2.93673795421787	1.98555604525692	31.2886948280117	0.00208649609812582	0.0253048905646001
ZSWIM4	2.94728015768944	3.82877066424697	35.2465082815061	0.000273844348442363	0.008310492958856
SLC20A1	2.95951626236661	8.54549655846643	43.9595796739479	0.000124593546324265	0.00520691862793187
OSMR	2.96802668707072	6.96626523990787	28.352488113253	0.000577972854555979	0.012062061128126
LINC01119	2.97146821097924	2.17224223724247	58.563002669765	0.000555686402551985	0.0118139049591307
TNFRSF6B	2.97355333051384	2.36474426124699	31.5420525930946	0.000402419108706368	0.0100851470883079
TLR4	2.97747521982729	4.82842289944765	42.3229818694907	0.00014291399155241	0.00565403479079223
NPIPB6	2.97748044066448	3.41185963625225	58.2985437479474	4.38958728919634e-05	0.0030414139590053
IL6	2.98285011027544	4.0067557581463	88.5085009559195	8.15684983825231e-06	0.00151010682649468
TMEM255B	2.98286286676347	3.19049804349323	86.4522702514699	8.38819977006165e-06	0.00151010682649468
APLN	2.99130140562535	1.84658877555632	47.1304318080563	0.00426203469649043	0.0390111219753879
ADM5	2.99536696931257	1.81525159242869	39.9823475254137	0.0050670949817762	0.0436486412762925
PFKFB4	2.99614501560043	4.41750032232959	61.3192863626216	3.62817683657996e-05	0.0028707949219439
EGR2	2.99712410370967	4.4646981622308	91.8687767649262	7.07286911039534e-06	0.00151010682649468
FNDC11	3.00302313386642	2.06308112646436	24.4583750979578	0.00109250231557335	0.017316779433357
RELB	3.00721259408418	5.74579833674423	101.000848474066	4.58141842159196e-06	0.00128826035805522
TAF4B	3.01494922997494	3.28662407317499	92.7777637449303	6.30204632514034e-06	0.00143796575625847
SH2B3	3.01699905876539	5.5648161100809	47.2380020142207	9.58626162408693e-05	0.00446947776025523
PCDH8	3.02357696743143	2.10930984310288	32.1725327195349	0.000766079935664654	0.0142108629262294
TFPI2	3.04521073044452	7.28962700155401	76.4180606220053	1.56335179903811e-05	0.0019665161764439
SAMHD1	3.05225734294672	6.15585854367364	33.5492631237752	0.000325248681139181	0.00906584498578713
GFPT2	3.05350697118225	7.11496791742131	55.2706758014386	5.36113209871797e-05	0.00328754672416071
IL12A	3.07415941049415	1.95499916139437	35.2146191627318	0.00187103902472146	0.0237584012930585
NFKB2	3.07482144191909	5.5279334290467	111.238304597036	3.03169797711159e-06	0.00127688237464461
MYO10	3.0759195867043	5.67099177717359	51.5294158837449	6.95865904520245e-05	0.00376091366283937
SLC25A25	3.094355147475	5.64330707756346	49.3579853422389	8.15846221620979e-05	0.00406328690529656
PAPPA	3.10618857180265	7.90727101721815	78.0980956018857	1.43719682694505e-05	0.00190554819832045
KCNJ6	3.10722040062921	3.5899691722896	66.8303955150671	2.6163264399032e-05	0.00254802685610568
PLA2G4A	3.11049540593711	4.07455091976104	82.7114720454258	1.15012905289408e-05	0.00162525331099547
IDI2-AS1	3.11265607618511	1.91711006637855	26.8639524101541	0.00218780943776086	0.0261013180387018
CDC42EP2	3.11941649068973	4.92000856559673	43.9427257360749	0.000124766899436724	0.00520691862793187
NBPF10	3.12336991318908	5.58506402568718	58.080665751592	4.4518160859773e-05	0.0030414139590053
PARP10	3.15670915891308	4.82473684218204	34.7991638912862	0.000286353778286115	0.00848977931887153
NFKBIZ	3.15908313761803	7.12192479994322	67.688605965517	2.49190517476995e-05	0.00250762334587234
CD83	3.17381981241368	4.44063179578981	100.416697614402	4.86413700638799e-06	0.00130752000652536
PER2	3.1770662100832	3.9497976916529	105.204346822642	3.80001549490631e-06	0.00128691034400296
SUSD3	3.17777458672306	1.91357385079167	49.1155368239103	0.00191820269350757	0.0240670661475058
NPIPB9	3.18742469078211	3.05645943725887	85.9610571371407	8.97433383236054e-06	0.00153774040042082
TNFSF4	3.19454661267261	4.4492631616761	39.8279941162896	0.000177739253514677	0.00652171746258367
CSRNP1	3.20908944872317	6.39324300124971	77.5616836068133	1.47606215328072e-05	0.00193063561732391
LIF	3.21833263177024	3.31313621083271	68.5189358670848	2.37841187109589e-05	0.00243081125763097
CDCP1	3.22154567064558	3.22021920218951	40.9556119081136	0.000160832985115364	0.00611071129338596
CFAP43	3.23672874491616	2.16508658091022	49.1444662095487	0.000290528550884814	0.00856012275377284
IFI6	3.24587290695889	9.11463685668754	16.8424789933347	0.00300298063060808	0.0316901565604897
CYP1B1	3.25080944963664	7.10449121001237	78.4215114452357	1.41437425111919e-05	0.00188804530134094
HELZ2	3.26066307383744	3.44899497807212	29.4940619653327	0.000505911876249125	0.0113043836188855
IFIH1	3.2618732173526	4.78697401172373	19.1515914323785	0.00204058150147502	0.0249842232393305
MAP3K8	3.27188609339968	4.53746910156312	125.908086916344	1.83032978974793e-06	0.00105636945483011
DDX58	3.28305809680839	6.74619867405055	25.9069998602417	0.000780357614625956	0.0143064094673772
MYCT1	3.28996281339902	2.04655456269517	40.9551791103688	0.000616400434999624	0.0125473296016573
CDH16	3.29052529633882	1.74202149560478	60.3665807718662	0.00449609106177925	0.0403046116515734
SIX4	3.32019026500693	3.89549247472272	92.8952977959667	7.10789026408723e-06	0.00151010682649468
NR1D1	3.34341759107945	4.35700237074701	106.647876411524	3.85389506115913e-06	0.00128691034400296
IFITM1	3.34991474730742	8.96187773203492	31.3600457827119	0.000410485196326191	0.0101814927793732
MAFF	3.37058626930578	5.31665429499643	148.11263697954	9.39297719678491e-07	0.000834815290889587
TRIM14	3.38891346305644	4.09181334129331	23.2378715841665	0.00111187916389431	0.0174686988255389
PTPRN	3.40017393767789	5.2671140105474	87.4690482845692	9.24697381897044e-06	0.00153774040042082
PLAUR	3.40541603573354	6.86102367704243	104.079631401027	4.66468294060541e-06	0.00128922638511972
ANKS4B	3.40803139603132	2.13529844528248	51.9358012335401	0.000236206729480013	0.00757366773298416
NFKBIA	3.41720150655946	8.39139744491611	107.479278395861	3.84450059456063e-06	0.00128691034400296
BST2	3.4204762769608	7.3075474038738	28.6252694930738	0.000559656653714626	0.0118431605835328
CDK5R1	3.42874549833801	4.03344824386388	61.9854069672207	3.48283676357999e-05	0.00281189222085694
MLKL	3.4423296256105	2.64048730242554	32.7926682085566	0.000351985288214184	0.00941009170385142
GIPC3	3.44410521679745	2.76114334379076	35.5703661154357	0.000265207779310161	0.00816981515447925
NPC1L1	3.47257980174703	1.88010075502143	42.4827832927419	0.0013512038293438	0.0196696385335411
MYRFL	3.47398019467487	3.09014029136265	112.053496693072	2.94317132906783e-06	0.00127688237464461
CXCR1	3.47632079308928	1.65140441096372	65.328564979534	0.0057018858797331	0.0469329306283568
PCDH15	3.47742526435172	2.62808472015078	60.9856715853311	3.70378327606372e-05	0.00288410076294438
SNAI1	3.50117123278526	3.2900597923877	116.778073690777	2.48831406053543e-06	0.0012520047899971
ANKRD33B	3.52113588458052	3.58861713274029	84.477449133445	1.05927050840432e-05	0.00158672253331434
USP18	3.52660004387413	5.09308402635633	22.5424169266341	0.00122556316533127	0.0185421942893566
PTX3	3.5545435133364	8.39096210539458	123.986383147419	2.00783672166376e-06	0.00109443833303356
NFATC2	3.55579496500009	3.93346745455207	108.292010019181	3.66785202026995e-06	0.00128691034400296
SERPINE1	3.55618772619998	10.6067020889297	103.553147692263	4.27642777966374e-06	0.00128826035805522
SLC2A5	3.56601949343395	3.68909815072077	139.125624217778	1.21551647219962e-06	0.000866260179843738
MICB	3.58756960702969	4.56409485814775	128.865318217539	1.66446895539354e-06	0.00102068357224023
ZBTB2	3.60043580206361	6.39797947769726	128.333527262299	1.8035616061838e-06	0.00105636945483011
LINC01823	3.61994625264041	1.71020666186719	70.2383305809385	0.00321217215327964	0.0329840157843047
SLC12A8	3.62008019608619	6.02925641046169	138.559506154094	1.23606405929902e-06	0.000866260179843738
SAMD9	3.62980136556948	5.39884609044693	25.3283421580151	0.000840525956224443	0.0149143620663599
IRF8	3.65225700697006	3.45901951561763	129.813458255698	1.61524301747723e-06	0.00102068357224023
STC1	3.65352889828128	4.15286072338652	114.323242283734	2.95749434423722e-06	0.00127688237464461
APCDD1L	3.69540557415977	2.89654652461338	63.3452885865418	3.20780554254485e-05	0.00275046987381717
IFI27	3.70651111355709	5.8878022889113	13.3112016588361	0.00586804090818079	0.0476805659383982
GAL3ST1	3.71118526615399	2.26582895600688	88.747390155618	3.49426397544737e-05	0.00281189222085694
SRGN	3.73050423403521	3.8887394471587	90.9763100063962	7.9276053487578e-06	0.00151010682649468
BIRC3	3.74638479671418	3.62921500510837	142.352022441885	1.10611005264889e-06	0.000834815290889587
NR4A3	3.74654006933664	4.57986552988002	99.9227420234052	5.4805440988946e-06	0.00140519626195683
SAA1	3.7532357848404	2.05935761186693	53.3165016239008	0.000196171214386296	0.00692350312932067
NXPE2	3.75539305222284	2.05277224698594	74.7687630852412	0.000208595316130061	0.00715605924548985
CXCL8	3.76435538349663	3.8640531088504	93.1454613496876	7.22724859870768e-06	0.00151010682649468
ACTBL2	3.80862407921204	3.46401304374368	75.1997968046933	1.66346611078804e-05	0.00197831487830265
FOSB	3.8110743301327	3.54771599405335	90.063146708718	8.24740620077706e-06	0.00151010682649468
TNC	3.81142856383661	8.70960829341973	29.6062901479891	0.00049944362566114	0.0112467255956012
SPOCD1	3.81579847741407	3.9208714583203	142.589560889477	1.09854389786635e-06	0.000834815290889587
CXCL3	3.82432319587996	3.4245507098479	90.0502214859106	8.25204603508087e-06	0.00151010682649468
HAS1	3.84012698249015	2.41114111426827	95.3384165105746	5.73985026684325e-06	0.00140519626195683
NR4A1AS	3.850719758536	2.6514416009991	58.7161249978012	4.2732960019301e-05	0.00301901140438794
ZC3H12A	3.90439330463156	5.45182680424473	178.022556344685	4.38384052038942e-07	0.000712671900596719
SENP3-EIF4A1	3.9100077727102	2.84066060321535	45.4794369572206	0.00011011359816437	0.00480168697062096
SUCNR1	3.91890888862219	6.82845595892338	151.638759215278	8.79336773082511e-07	0.000821677404676101
HLF	3.96930113460494	2.01050171611797	61.3961391809817	0.000195094903176914	0.00692350312932067
BAAT	3.98611639501651	1.87560368306083	82.8383191975393	0.000559455376833317	0.0118431605835328
ISG15	3.98727735304586	8.76582074938391	28.3130768588453	0.000580680088710735	0.0120834415490676
HSPA6	4.02194986033167	5.07557059309015	57.9463978094426	4.49070796617368e-05	0.00304917517025004
ISG20	4.03463506932674	3.04114320700527	30.0492973632704	0.000474888348205108	0.0110001689973913
IFIT2	4.07313572860998	5.93334637514609	24.8542710117951	0.000894145234990628	0.01543167277592
IFI44	4.08698832891702	4.91903833160741	28.0065105370466	0.000602283185467283	0.0123602409139453
NR4A1	4.1597685829525	6.21875448637039	192.68472830706	3.15236244931267e-07	0.000699967350213733
CD68	4.17135384529453	3.31785295819426	34.806935420541	0.000286130498839774	0.00848977931887153
DHX58	4.19083668478934	2.71281101697749	16.6005175447899	0.00313375588749174	0.0324847817117012
HIVEP2	4.19890545307608	6.65940080310807	48.3164742160283	8.82440769254128e-05	0.0042471508465828
NT5E	4.31607753740013	7.31070034589784	108.336234262582	3.97916034224354e-06	0.00128691034400296
C7orf61	4.36589618615543	2.7341884636302	77.0920650065513	1.51115906675032e-05	0.00193185353273888
NR4A2	4.36772845218394	3.98177568804639	191.455727096008	3.23766554393583e-07	0.000699967350213733
FERMT3	4.48435879236666	2.88374872950638	103.271240400754	4.59553712805714e-06	0.00128826035805522
IRF7	4.48988392962027	5.67913375921936	62.1396117597597	3.45022229552039e-05	0.00281189222085694
TGIF2-RAB5IF	4.49491735529089	4.36268173752038	190.742009132143	3.28850801963382e-07	0.000699967350213733
GDF15	4.51274478560056	6.83951972402306	173.034676585465	5.49940062150207e-07	0.000712671900596719
CD200R1	4.5232804748942	2.01813812812233	70.3069907885981	6.74104489882371e-05	0.00371571696768589
GREM1	4.54683511993894	6.03280834716308	90.628833489383	8.04745864301254e-06	0.00151010682649468
NUAK2	4.66242254506283	5.57128037791159	189.51362898686	3.37833424207009e-07	0.000699967350213733
PTAFR	4.69831393274044	2.29561830734407	58.8716272095368	4.23096512931291e-05	0.00301901140438794
HAS2	4.77451362752781	5.24972290326758	98.8621139893874	5.71633976770662e-06	0.00140519626195683
GALNT15	4.84353159062361	3.92321612060402	119.592361441759	2.68406109379721e-06	0.00127688237464461
SPDYA	4.96484762558721	3.56078161769012	187.058710549409	3.56707613623673e-07	0.000699967350213733
CXCL1	4.99086086589412	2.43381344295978	130.677462506187	1.57193646159754e-06	0.00102068357224023
OSM	5.00093619647707	2.24877376071823	46.2591373206426	0.000103492906836579	0.00467935785911104
TNFAIP3	5.15802965416366	8.32410352952441	97.0596126273425	6.14654235654158e-06	0.00141970211699254
MRC1	5.16055334763397	3.04862934796064	175.474877912027	4.65466421666074e-07	0.000712671900596719
MX2	5.1794229717013	4.26598855620185	16.5020150764644	0.00318901078223758	0.0328799491972198
CCL7	5.29182873643948	4.38944398070357	162.54787911393	7.249235950134e-07	0.000726839539725182
IL1B	5.35307016106166	2.59364058779746	121.055817337121	2.14900598995496e-06	0.00113972823083476
IFIT3	5.36357903453482	6.47686924085329	32.1141661672554	0.00037830888857813	0.0097807052971919
RSAD2	5.38172952762142	4.79502960493141	15.6990243158423	0.0036876430309185	0.0358349192400418
CXCL2	5.39331635652405	4.11216744274755	241.10540548118	1.23215846784406e-07	0.000699967350213733
CA9	5.44676135781748	3.3546252248338	105.392361103296	4.43870696114656e-06	0.00128826035805522
IFNB1	5.57982078005963	2.41627805513367	14.1359829828064	0.00496863049437761	0.0431031990235065
CMPK2	5.73932106732826	4.96853994326496	18.3646773274363	0.00231856201484258	0.0270494306880237
IFI44L	5.88613988892336	5.48048164650916	29.9799099793342	0.000478634155411234	0.0110237535582566
OAS3	6.04039047200035	5.47637837833161	55.4541632955465	5.2951275558466e-05	0.00326749333422572
ANGPTL4	6.66760746885381	7.69397917391653	263.861265678473	9.82466875318986e-08	0.000699967350213733
MX1	6.83910413319392	8.21302860448634	71.145384115721	2.05909410989346e-05	0.00228280246996832
OAS1	6.91403776278719	6.3806996408709	55.8381236983443	5.1602267604389e-05	0.00322999428046751
OAS2	7.14984796045654	5.74336020579747	38.3733375684362	0.000202925777512575	0.0070229497921151
PTGS2	7.17208468707329	7.22203032940039	227.279105925993	1.98066319323267e-07	0.000699967350213733
IL11	7.81143020671895	5.18558352045655	285.280285831967	6.06130225974857e-08	0.000699967350213733
